271
462
784
786
1116
1222
1497
1504
1522
1620
1963
1987
2025
2050
2300
2378
2480
2562
2810
2820
2867
2951
3114
3288
3338
4085
4249
4312
4350
4437
4449
4528
5053
5669
6034
6067
6080
6223
6569
6714
7198
7249
7435
7520
8198
8226
8653
9091
9595
10160
10194
10357
10654
10826
10932
11080
11293
11687
12180
12402
12415
12521
12684
12837
12888
13052
13208
13264
13317
13569
13796
13877
13931
13954
14019
14020
14094
14099
14116
14389
14679
14846
15221
15757
15778
15799
15817
15909
15978
16242
16459
16698
16706
16784
17033
17138
17319
17377
17566
17591
17615
17646
17792
17847
18051
18477
18527
18533
18579
18830
19011
19062
19073
19281
19418
19893
19964
20128
20314
20389
20500
20501
20537
20637
20702
20811
21017
21021
21033
21075
21180
21204
21329
21511
21559
21640
21775
21789
21842
21856
22256
22278
22477
22542
22647
22771
22839
23069
23197
23435
23563
23784
23853
23869
24183
24310
24509
24521
24528
25007
25252
25374
25733
25760
25793
26203
26243
26415
26422
26535
26588
26745
26779
26827
26999
27592
27601
27730
27970
28040
28238
28240
28322
28426
28433
28450
28490
29188
29192
29391
29521
29565
29757
30103
30573
30892
30942
30981
31027
31053
31260
31437
31483
31696
31809
31898
31955
32385
32496
32611
32619
32708
32758
32801
32814
32872
32988
33049
33161
33172
33502
33640
34071
34256
34370
34764
34910
35147
35177
35358
35401
35486
35581
35642
35682
36023
36110
36127
36240
36649
37410
37415
37588
37843
37885
38240
38472
38757
39137
39148
39256
39459
39463
39477
39880
39937
40044
40314
40474
40549
40743
40811
40902
40911
40915
40922
40931
40982
41189
41442
41449
41568
41677
41818
41877
41950
42306
42416
42898
43044
43420
43468
43754
43873
44508
44730
44756
45010
45134
45201
45270
45297
45314
45583
45820
46406
46570
47098
47112
47184
47335
47372
47421
47651
47652
47982
48225
48228
48342
48821
48894
48955
49186
49341
49372
49408
49662
49785
49874
49883
50125
50252
50282
50925
50994
50995
51617
51681
51725
51882
51915
52109
52366
52419
52669
53061
53113
53529
53936
53946
53958
54027
54218
54283
54410
54572
54682
54869
54907
55089
55098
55102
55104
55289
55803
56426
56504
56582
56928
57066
57284
57605
57620
57945
58457
58517
58624
58635
58755
58774
58799
59007
59537
59552
59621
59700
60052
60171
60932
61682
61816
61902
61932
62119
62125
62198
62309
62559
63076
63240
63245
63388
63697
64070
64142
64354
64854
65152
65360
65414
65491
65500
65698
65755
65840
66053
66055
66519
66563
66643
66936
66989
67348
67749
67775
67852
67895
67910
67963
68203
68797
69113
69313
69684
69696
69886
70053
70284
70350
70585
71115
71118
71122
71250
71284
71302
71466
71942
72007
72264
72520
72646
72715
72759
72787
72800
72875
72997
73099
17
46
210
226
248
294
321
392
395
446
455
460
492
497
511
530
540
565
661
670
741
771
813
814
861
943
946
958
1019
1044
1058
1140
1176
1191
1237
1287
1327
1344
1396
1419
1450
1456
1501
1530
1549
1551
1600
1771
1786
1822
1842
1853
1938
1984
2141
2200
2273
2298
2310
2342
2394
2417
2487
2515
2549
2632
2643
2695
2701
2745
2760
2783
2843
2912
3009
3027
3040
3051
3117
3124
3127
3154
3169
3183
3193
3203
3215
3254
3275
3278
3392
3412
3426
3476
3479
3500
3533
3548
3569
3597
3598
3657
3695
3732
3739
3781
3850
3949
3981
3990
4064
4081
4102
4177
4216
4316
4366
4373
4404
4406
4454
4468
4480
4497
4512
4517
4565
4609
4662
4676
4683
4759
4792
4814
4834
4842
4843
4856
4883
4897
4911
4979
4993
5000
5011
5057
5073
5078
5094
5120
5134
5137
5145
5148
5156
5159
5204
5228
5244
5255
5264
5296
5310
5311
5332
5345
5346
5356
5357
5374
5386
5388
5413
5421
5428
5445
5459
5492
5516
5539
5541
5544
5548
5554
5555
5562
5577
5584
5630
5655
5658
5680
5706
5720
5726
5760
5766
5770
5784
5793
5815
5816
5826
5831
5836
5838
5840
5886
5892
5895
5899
5904
5909
5934
5939
5954
5962
5965
6002
6012
6015
6024
6051
6055
6056
6079
6089
6100
6111
6118
6124
6146
6152
6158
6166
6167
6222
6229
6265
6288
6293
6299
6321
6340
6381
6384
6387
6392
6411
6420
6426
6434
6466
6469
6474
6487
6493
6498
6512
6525
6534
6540
6589
6618
6643
6647
6679
6710
6771
6773
6814
6836
6847
6853
6866
6869
6890
6925
6932
6939
6945
6969
6970
6971
6974
6978
6984
7135
7142
7172
7177
7213
7241
7247
7266
7311
7323
7325
7339
7340
7345
7347
7350
7366
7419
7421
7446
7502
7511
7561
7569
7600
7602
7622
7670
7672
7673
7674
7715
7726
7765
7777
7791
7816
7846
7852
7857
7904
7915
7932
7969
7988
7994
8001
8006
8029
8058
8090
8093
8095
8103
8107
8115
8128
8129
8149
8188
8200
8217
8221
8231
8250
8255
8282
8287
8308
8421
8443
8472
8631
8655
8661
8688
8719
8982
9032
9055
9316
9355
9500
9635
9700
9752
9866
9867
9887
9995
10072
10131
10138
10176
10231
10240
10248
10261
10297
10314
10329
10369
10407
10419
10463
10485
10496
10500
10504
10541
10548
10555
10571
10650
10662
10760
10785
10819
10850
10858
10877
10903
10908
10923
10948
10965
10989
11018
11021
11029
11069
11073
11090
11097
11113
11130
11137
11155
11177
11186
11224
11241
11247
11308
11318
11319
11339
11348
11398
11400
11404
11408
11416
11423
11432
11452
11453
11469
11475
11493
11536
11540
11560
11567
11593
11611
11709
11780
11867
11895
11897
11913
11940
11966
11977
12004
12023
12033
12048
12061
12073
12114
12137
12138
12150
12177
12216
12226
12233
12306
12423
12431
12593
12596
12601
12635
12658
12661
12718
12730
12809
12825
12868
12894
12915
12930
13005
13012
13063
13084
13112
13171
13234
13287
13337
13375
13420
13479
13521
13555
13652
13803
13894
13906
14013
14050
14117
14307
14314
14577
14642
14690
14711
14764
14786
14805
14823
14852
14908
14938
14959
15086
15091
15145
15181
15236
15277
15397
15411
15432
15459
15488
15543
15623
15715
15716
15726
15746
15761
15844
15877
15886
15936
15946
15972
16005
16009
16137
16139
16142
16170
16175
16180
16197
16201
16228
16234
16246
16273
16284
16303
16314
16362
16367
16369
16376
16457
16466
16482
16556
16568
16583
16584
16653
16699
16704
16707
16716
16737
16817
16823
16867
16890
16939
17025
17026
17084
17088
17095
17101
17103
17125
17149
17160
17172
17242
17268
17294
17297
17332
17343
17369
17411
17479
17487
17488
17547
17578
17645
17801
17829
17836
17887
17895
17944
17958
17980
18013
18102
18191
18270
18311
18429
18469
18492
18546
18562
18591
18683
18686
18696
18769
18785
18848
18853
18944
18973
18974
18975
18985
19001
19009
19012
19050
19055
19104
19135
19156
19243
19251
19262
19266
19267
19287
19293
19317
19334
19340
19366
19375
19439
19448
19449
19453
19508
19527
19575
19598
19644
19652
19656
19711
19778
19791
19827
19889
19931
19994
20033
20034
20103
20140
20146
20152
20170
20221
20285
20290
20313
20385
20427
20467
20502
20596
20663
20684
20694
20732
20766
20769
20825
20939
20961
20992
20996
21027
21044
21068
21093
21160
21206
21211
21229
21262
21307
21336
21351
21382
21383
21396
21458
21508
21567
21583
21585
21588
21621
21659
21675
21679
21687
21696
21748
21757
21786
21819
21841
21894
21909
21926
21943
21963
21976
21990
22062
22070
22087
22098
22099
22111
22123
22154
22187
22244
22259
22263
22338
22378
22385
22389
22394
22414
22416
22434
22437
22461
22464
22467
22479
22480
22482
22486
22540
22558
22573
22578
22608
22613
22642
22674
22679
22681
22699
22703
22706
22710
22732
22734
22738
22815
22835
22847
22886
22889
22894
22910
22917
22941
22946
22962
23017
23023
23026
23036
23072
23081
23095
23182
23193
23214
23230
23242
23247
23257
23281
23321
23343
23346
23351
23352
23362
23384
23407
23421
23427
23439
23465
23473
23486
23496
23512
23515
23538
23573
23583
23594
23595
23664
23669
23695
23715
23727
23816
23874
23895
23904
23914
23924
23961
23968
23975
23977
24054
24072
24091
24137
24143
24152
24182
24188
24200
24218
24228
24239
24250
24261
24309
24312
24316
24321
24377
24403
24418
24438
24448
24468
24489
24540
24554
24579
24582
24645
24681
24684
24787
24796
24817
24834
24849
24893
24939
24988
25013
25014
25024
25037
25069
25079
25092
25104
25113
25114
25125
25132
25137
25141
25168
25171
25194
25213
25274
25277
25354
25376
25396
25433
25442
25470
25497
25510
25523
25562
25563
25577
25583
25589
25597
25632
25641
25669
25691
25693
25696
25730
25738
25767
25784
25788
25795
25798
25802
25806
25819
25822
25851
25852
25864
25876
25897
25922
25961
25968
25970
25981
25987
25996
26024
26025
26055
26058
26088
26140
26141
26166
26172
26176
26190
26192
26215
26259
26260
26308
26313
26356
26402
26405
26446
26466
26480
26489
26490
26491
26511
26533
26566
26568
26570
26577
26583
26586
26635
26636
26641
26654
26655
26685
26691
26762
26776
26777
26803
26804
26812
26836
26837
26879
26951
26964
26982
26995
27040
27058
27059
27087
27088
27093
27103
27115
27121
27133
27140
27157
27161
27174
27183
27219
27225
27228
27243
27247
27257
27261
27278
27333
27346
27361
27364
27383
27393
27425
27471
27501
27509
27512
27518
27533
27551
27557
27625
27646
27648
27660
27779
27782
27789
27799
27801
27808
27820
27937
27941
27946
27973
27976
27983
28007
28056
28093
28100
28110
28119
28157
28180
28192
28196
28242
28255
28287
28308
28311
28328
28340
28351
28416
28421
28451
28453
28493
28494
28507
28515
28520
28521
28550
28597
28622
28678
28689
28690
28719
28761
28785
28786
28810
28812
28900
28932
28954
29012
29032
29104
29113
29126
29131
29156
29165
29168
29170
29183
29255
29272
29282
29302
29321
29349
29358
29445
29453
29496
29498
29535
29624
29653
29690
29697
29706
29710
29786
29797
29827
29857
29866
29870
29885
29906
29950
30008
30019
30027
30033
30062
30066
30104
30146
30180
30193
30196
30235
30258
30263
30276
30312
30346
30350
30408
30436
30496
30523
30585
30597
30599
30631
30670
30672
30681
30715
30744
30755
30773
30777
30782
30823
30825
30857
30863
30876
30897
30898
30956
31005
31174
31202
31226
31270
31297
31316
31335
31374
31394
31402
31511
31528
31540
31548
31553
31626
31779
31837
31849
31865
31867
32064
32141
32160
32167
32196
32260
32265
32373
32380
32395
32417
32449
32494
32507
32631
32650
32679
32687
32742
32807
32858
32943
33000
33014
33051
33085
33101
33119
33162
33189
33192
33318
33382
33449
33475
33479
33480
33631
33714
33723
33836
33848
33860
33871
34116
34140
34259
34295
34305
34336
34364
34386
34387
34397
34432
34455
34465
34466
34467
34485
34498
34514
34529
34553
34569
34597
34600
34610
34611
34621
34643
34696
34796
34816
34827
34879
34892
34917
34920
34954
34972
34980
34992
35015
35080
35091
35099
35138
35154
35199
35213
35240
35243
35247
35256
35280
35356
35406
35421
35430
35451
35476
35595
35635
35653
35712
35756
35767
35781
35838
35862
35911
35928
36132
36204
36317
36350
36372
36512
36610
36696
36740
36763
36791
36832
36957
36995
37186
37197
37198
37243
37275
37377
37458
37495
37539
37632
37643
37659
37662
37683
37757
37776
37817
37818
37823
37870
37923
37929
37989
38059
38099
38109
38135
38196
38219
38232
38301
38307
38348
38349
38377
38384
38386
38400
38454
38469
38481
38623
38639
38648
38660
38681
38797
38804
38842
38868
38920
38934
38993
39021
39042
39110
39152
39155
39168
39215
39219
39231
39243
39245
39248
39287
39298
39302
39308
39314
39316
39367
39405
39434
39446
39468
39504
39522
39558
39571
39580
39591
39602
39646
39651
39675
39752
39758
39779
39836
39913
39921
39935
39986
40018
40043
40049
40084
40108
40117
40128
40162
40174
40250
40257
40267
40273
40280
40369
40391
40415
40416
40430
40437
40478
40485
40520
40529
40547
40552
40602
40606
40648
40683
40691
40694
40696
40698
40710
40722
40744
40763
40775
40831
40845
40859
40959
40985
41007
41050
41157
41228
41240
41272
41303
41334
41337
41353
41355
41427
41462
41511
41526
41536
41571
41690
41694
41707
41709
41713
41714
41758
41785
41797
41836
41842
41859
41862
41878
41931
41999
42016
42110
42276
42427
42533
42568
42635
42719
42826
42843
42908
42981
42985
43068
43198
43376
43404
43529
43534
43560
43609
43626
43640
43642
43652
43671
43852
43886
43889
43892
43954
43991
43992
44106
44138
44147
44191
44226
44268
44322
44349
44352
44426
44429
44434
44444
44448
44471
44497
44499
44561
44583
44635
44647
44714
44751
44754
44789
44797
44803
44826
44835
44838
44887
44910
44912
44913
44914
44923
44929
44971
44981
45012
45037
45040
45073
45097
45113
45159
45162
45169
45176
45181
45193
45291
45294
45296
45299
45368
45387
45391
45400
45432
45441
45455
45457
45495
45535
45562
45577
45591
45603
45659
45813
45834
45851
45898
45927
45944
45949
45975
45989
45991
46055
46059
46109
46129
46154
46163
46229
46249
46254
46256
46275
46293
46302
46320
46327
46386
46388
46409
46427
46445
46527
46563
46564
46906
46937
47053
47066
47068
47107
47109
47159
47208
47229
47238
47276
47282
47291
47324
47370
47385
47445
47456
47464
47509
47521
47601
47612
47636
47654
47681
47758
47765
47777
47785
47799
47814
47832
47837
47846
47872
47888
47895
47921
47935
47961
47985
48056
48058
48059
48085
48112
48129
48177
48187
48199
48238
48248
48252
48261
48301
48367
48421
48531
48569
48606
48631
48645
48648
48664
48682
48695
48773
48781
48829
48845
48916
48937
48983
48993
49011
49032
49056
49083
49094
49095
49098
49101
49127
49159
49167
49189
49192
49214
49215
49218
49221
49226
49247
49252
49293
49314
49339
49345
49351
49389
49390
49418
49420
49447
49452
49455
49471
49472
49503
49519
49520
49536
49543
49556
49567
49571
49586
49596
49607
49633
49665
49666
49676
49708
49711
49714
49748
49776
49782
49803
49811
49832
49900
49916
49929
50002
50022
50025
50043
50143
50162
50173
50194
50259
50272
50275
50293
50300
50305
50375
50398
50412
50439
50448
50526
50545
50553
50569
50599
50625
50633
50642
50644
50656
50660
50671
50678
50701
50714
50751
50761
50769
50804
50810
50822
50867
50872
50877
50888
50897
50928
50930
50944
50990
51005
51006
51008
51014
51021
51056
51058
51098
51138
51141
51157
51163
51165
51194
51239
51240
51270
51282
51327
51344
51418
51421
51428
51441
51455
51457
51491
51495
51499
51500
51512
51514
51551
51559
51593
51612
51661
51674
51693
51699
51741
51763
51767
51772
51780
51804
51884
51905
51923
51936
51947
51950
51965
51997
52011
52018
52039
52046
52049
52068
52101
52131
52133
52175
52215
52216
52235
52248
52252
52296
52300
52377
52390
52418
52420
52422
52438
52499
52550
52587
52594
52609
52619
52624
52722
52727
52741
52763
52782
52788
52811
52837
52891
52957
52966
52969
52970
52994
53003
53018
53029
53051
53093
53095
53116
53120
53129
53166
53281
53318
53333
53364
53376
53401
53419
53421
53422
53449
53455
53474
53482
53492
53510
53516
53528
53606
53631
53636
53645
53654
53700
53708
53744
53769
53791
53817
53823
53847
53859
53882
53888
53896
53902
53957
53982
54043
54067
54069
54073
54079
54080
54087
54112
54119
54121
54140
54170
54177
54214
54220
54226
54230
54278
54279
54321
54330
54332
54377
54413
54477
54517
54526
54539
54553
54556
54560
54568
54579
54584
54589
54612
54643
54657
54690
54713
54732
54748
54750
54782
54800
54818
54825
54841
54868
54873
54877
54883
54919
54999
55044
55050
55063
55094
55101
55133
55135
55139
55170
55206
55217
55220
55227
55246
55260
55319
55366
55369
55389
55417
55433
55444
55463
55572
55576
55582
55637
55769
55856
56120
56183
56266
56366
56408
56435
56446
56449
56501
56512
56515
56558
56590
56619
56631
56694
56701
56738
56757
56773
56775
56810
56843
56850
56879
56891
56893
56901
56967
56971
56972
56994
56996
57017
57061
57082
57108
57249
57266
57306
57314
57327
57352
57402
57410
57429
57447
57448
57450
57462
57470
57473
57479
57496
57503
57511
57529
57541
57564
57581
57614
57617
57624
57640
57660
57664
57669
57672
57748
57794
57835
57847
57868
57889
57903
57905
57931
57944
57965
57995
58002
58005
58016
58024
58043
58046
58050
58051
58063
58076
58115
58143
58151
58210
58211
58213
58216
58219
58226
58231
58233
58236
58253
58273
58285
58326
58338
58343
58345
58352
58362
58371
58378
58380
58401
58438
58448
58462
58473
58483
58496
58504
58509
58514
58522
58535
58539
58567
58610
58611
58623
58634
58662
58668
58670
58685
58725
58736
58760
58775
58795
58839
58840
58842
58853
58901
58919
58951
58961
58967
58969
58990
58994
59003
59018
59042
59071
59073
59077
59092
59098
59124
59182
59183
59212
59229
59236
59243
59245
59268
59272
59275
59294
59308
59313
59341
59362
59375
59377
59396
59406
59466
59483
59487
59516
59518
59577
59590
59592
59617
59618
59619
59625
59629
59643
59650
59665
59682
59695
59724
59745
59753
59758
59790
59813
59818
59841
59864
59870
59879
59966
59977
60016
60017
60031
60033
60059
60069
60090
60101
60114
60128
60135
60150
60178
60185
60200
60286
60287
60291
60322
60330
60345
60352
60375
60411
60476
60477
60524
60528
60532
60537
60589
60590
60645
60673
60682
60711
60721
60743
60791
60798
60837
60885
60886
60887
60917
60918
60938
60975
60978
60989
61024
61052
61055
61056
61060
61061
61083
61110
61117
61135
61163
61189
61199
61202
61226
61230
61254
61257
61272
61287
61344
61348
61349
61368
61389
61405
61407
61409
61445
61484
61488
61500
61501
61529
61545
61561
61576
61633
61640
61651
61696
61709
61729
61752
61767
61831
61873
61973
62082
62162
62235
62276
62469
62481
62607
62615
62649
62681
62689
62697
62770
62812
62830
62969
63121
63132
63157
63190
63202
63249
63370
63469
63472
63475
63800
63840
63959
64120
64252
64318
64334
64372
64542
64545
64584
64664
64749
64766
64825
64968
65005
65045
65086
65108
65110
65156
65206
65237
65299
65303
65420
65478
65515
65526
65582
65588
65595
65607
65612
65623
65635
65674
65680
65682
65723
65728
65729
65737
65754
65757
65770
65844
65855
65856
65869
65875
65878
65944
65976
65994
65999
66005
66024
66036
66058
66059
66071
66087
66105
66120
66133
66142
66147
66159
66174
66200
66235
66281
66343
66355
66377
66379
66393
66447
66449
66464
66492
66506
66546
66561
66564
66569
66589
66596
66633
66646
66684
66700
66741
66743
66755
66816
66863
66885
66938
66940
66951
66952
66957
66975
66998
67006
67043
67050
67082
67086
67099
67117
67215
67230
67247
67261
67286
67298
67372
67378
67389
67390
67433
67440
67451
67487
67489
67493
67551
67576
67593
67629
67661
67665
67671
67679
67708
67725
67758
67797
67798
67807
67836
67844
67866
67871
67946
67977
67991
67994
68022
68042
68076
68081
68091
68119
68148
68171
68223
68240
68243
68246
68284
68296
68297
68315
68323
68349
68424
68465
68496
68522
68559
68561
68564
68595
68633
68678
68723
68730
68742
68750
68773
68799
68906
68909
68921
68925
69037
69062
69076
69106
69112
69149
69155
69200
69341
69343
69354
69391
69394
69435
69509
69596
70015
70161
70201
70235
70289
70409
70433
70463
70507
70513
70537
70548
70622
70669
70686
70711
70721
70725
70750
70807
70953
71178
71224
71226
71362
71491
71537
71655
71699
71790
71854
71893
71896
71901
71932
71943
71951
71971
71973
71974
71984
71999
72035
72043
72060
72107
72126
72329
72516
72760
72767
72814
72946
72947
73075
73111
73114
73132
73135
73155
73160
73162
73177
73221
73262
73272
73286
73288
73301
73329
73340
73346
73356
73359
73362
73378
73379
73380
73389
73395
73417
73499
567
1103
4650
7081
9436
10204
10536
10839
12794
14231
15222
16572
17815
17962
19751
19963
20584
21244
21735
22474
23057
23135
23479
23501
24301
24401
24869
25265
26832
26932
28569
28957
29263
29831
30737
30974
31152
31279
32402
32539
35175
35488
39408
40429
41557
42154
43676
44231
44293
44945
46550
47501
48798
52045
52527
52964
53162
53494
54766
56577
58597
58964
59766
60240
62752
63992
67509
68084
68630
68933
71021
71792
5
123
160
256
438
478
553
1020
1132
1145
1223
1324
1570
1720
1835
2297
2422
2592
2975
3013
3029
3152
3262
3453
3463
3469
3557
3676
3888
4004
4215
4552
4747
4823
4831
4861
4893
5076
5218
5394
5504
5616
5732
5908
5922
5935
6125
6162
6389
6417
6471
6695
6770
6865
6931
7042
7049
7080
7114
7120
7219
7297
7482
7659
7702
7711
7728
7773
7808
7821
7824
8031
8087
8094
8122
8173
8302
8820
9750
10146
10307
10350
10370
10560
10603
10795
10796
10931
11204
11250
11262
11316
11352
11359
11367
11397
11410
11422
11436
11438
11534
11635
11882
12056
12650
12725
12771
12807
12968
13678
13907
13982
14090
14637
14661
14945
15171
15398
15501
15888
16031
16041
16135
16565
16742
16830
16857
17059
17185
17190
17405
17439
17489
17633
17920
17936
17947
17966
17994
18138
18799
18805
18976
19384
19522
19602
19665
19694
20005
20046
20153
20741
20761
20881
21025
21088
21165
21330
21340
21367
21452
21613
21702
21763
21778
21796
21864
21893
22035
22061
22656
22683
22696
22987
23006
23259
23306
23353
23381
23462
23631
23730
23753
23993
23997
23998
24098
24130
24168
24177
24197
24349
24453
24564
24976
25021
25023
25036
25055
25123
25165
25273
25314
25409
25498
25683
25770
25773
25889
25960
26149
26375
26410
26423
26427
26465
26481
26527
26687
26773
26959
27046
27209
27239
27319
27351
27395
27587
27662
27765
27828
28044
28055
28067
28159
28173
28262
28402
28460
28478
28546
28555
28598
28631
28778
28804
28883
28892
28927
29013
29014
29034
29075
29121
29136
29190
29387
29430
29941
29957
29963
30009
30042
30141
30318
30372
30518
30565
30587
30613
30725
30741
31026
31105
31183
31255
31323
31360
31508
31559
31745
31823
31836
32191
32361
32734
33182
33266
33648
33829
33847
34333
34457
34552
34588
34817
34837
34952
35144
35172
35286
35371
36099
36118
36152
36264
36448
36858
37634
37952
38316
38369
38373
38447
38460
38479
38937
38997
39039
39118
39320
39337
39624
39647
39868
39889
39909
39990
40290
40508
40603
40604
40906
40996
41322
41389
41567
41654
41662
41860
41942
42852
43055
43218
43324
43632
43775
43868
44189
44375
44376
44525
44536
44678
45071
45077
45646
45649
45654
45713
45776
45838
45844
45904
46046
46347
46712
47067
47216
47271
47597
47686
47692
47716
47754
47849
48097
48172
48278
48499
48512
48601
48965
48982
48998
49020
49071
49090
49173
49377
49399
49441
49495
49603
49638
49646
49726
49733
49787
49908
49930
50005
50058
50262
50365
50673
50779
51269
51307
51493
51501
51533
51562
51572
51696
51792
51819
51921
51938
52036
52120
52156
52183
52213
52217
52253
52504
52519
52536
52637
52732
52773
52775
52776
53044
53123
53176
53284
53310
53584
53591
53653
53698
53949
53959
53976
54028
54116
54118
54159
54420
54452
54499
54653
54683
54698
54727
54739
54744
54898
54966
55214
55228
55301
55373
55427
55537
56308
56500
56662
57053
57482
57501
57674
57675
57834
57981
58068
58073
58113
58171
58251
58276
58327
58527
58603
58604
58745
59028
59030
59051
59144
59255
59587
59613
59741
59891
59970
60081
60130
60187
60201
60310
60399
60432
60440
60502
60565
60604
60675
60707
60879
60927
60991
61007
61040
61062
61149
61338
61373
61399
61511
61547
61620
61841
62130
62196
62266
62465
62510
62873
63052
63069
63102
63115
64613
64623
64636
65155
65175
65239
65276
65400
65497
65693
65774
65809
65836
66118
66130
66165
66309
66374
66390
66469
66650
66733
66742
66836
67067
67214
67246
67296
67627
67635
67666
67696
67981
68153
68293
68388
68431
68454
68473
68482
68667
68770
69054
69876
69964
70359
70461
70536
70578
70961
71008
71029
71456
71610
71796
71844
72021
72610
72630
73070
73152
73159
73188
73234
73276
73282
73343
73422
73457
73502
541
1807
5151
7942
10383
10935
23547
23946
24707
28195
30809
32534
35802
41096
41939
41978
46608
47724
47821
49786
50391
51716
53713
54378
56042
58296
58306
58487
58732
59325
59486
63722
66510
68201
69210
69952
72811
5672
12303
21260
25850
26972
27053
29844
31947
33862
37825
37861
39292
40788
41329
42720
46316
48805
49106
50015
57860
7
2924
4133
6044
6998
9471
10943
16705
16880
17925
21922
24844
27694
31410
32049
32899
33010
33528
33750
34473
34691
34996
36523
36877
37418
43731
45378
47760
48372
48793
49496
51348
55640
59504
60074
60097
60964
62517
64880
65557
65783
66166
72968
2115
4749
5214
7020
10348
10497
10523
19593
23066
35157
48615
50552
51806
52032
53465
57731
58526
61150
64676
66144
8215
18091
29491
46418
59789
954
1689
4777
4838
5006
5249
5325
5335
6039
6361
6583
6769
7143
7200
7408
7477
7509
7546
7573
7677
8747
10788
11015
11431
11596
11706
12416
12736
14238
15783
16207
16958
17696
19199
19721
19890
20171
21129
21405
22004
22109
22804
23020
23756
24090
24190
24252
24412
24530
24593
24825
24995
26338
26370
26456
26731
27050
27323
27332
27884
28937
29517
31492
31551
31588
32625
32795
34261
34321
34653
35668
37351
38146
39387
40650
40829
40997
41593
42368
42961
43192
44122
44598
44953
45156
45539
47042
47767
49652
49965
50468
50603
50733
50766
50776
50895
51018
51092
51234
51464
51468
51496
51618
51876
51932
52103
52240
52481
52940
52968
54066
54296
54784
55244
55261
55273
55313
55584
55958
57191
57445
57582
57585
57670
58359
58437
58439
58598
58683
58699
58862
58903
58952
59039
59095
59138
59196
59642
59723
60349
60986
61221
61311
61443
61578
61605
62147
62480
66049
66091
66731
67374
67480
68139
68477
68508
69513
69958
70824
70844
72052
72945
73406
32484
49620
50403
53642
2872
4353
5056
5262
5700
5725
6144
6231
6237
6797
6940
7716
7880
8155
8332
10264
10622
11283
11303
12016
14933
16444
19736
21752
21896
22842
22870
23509
24889
25196
27671
28545
28746
29210
30595
32892
41016
41261
41816
47744
49080
49180
49224
49376
50324
50400
50503
50685
50912
50974
51530
51808
51906
51976
52022
52344
52371
52859
53183
54247
54403
56212
56667
57466
57480
57619
57651
57817
57979
58064
58332
58434
58625
58980
59056
59115
59400
59586
61065
61492
63063
63523
65845
66274
71438
71804
73317
4168
14404
22455
27738
41886
71278
2873
4750
5380
5392
5736
5938
6385
7802
7853
8083
8871
10255
10844
10880
11063
14337
19643
20593
20954
21914
22364
22603
23286
23584
26173
27188
28563
32545
35385
37157
38225
39609
44079
46468
46801
47618
47808
48373
49287
49317
49322
49591
50221
50237
50399
50408
53521
54017
55382
55440
56466
57050
57680
57755
57821
58118
58161
58485
58667
58692
58710
58719
59262
59278
59531
59581
60576
61428
62192
62733
62856
66974
67244
67535
68843
69522
768
11038
12804
15120
17856
20624
23870
32424
33054
39670
47511
53864
71766
73153
38704
41966
634
35718
43098
53794
5202
7527
49149
6822
10837
20455
21568
57516
57626
67224
50537
15455
20292
25492
28731
47995
53423
56562
58904
67566
35501
53894
29560
721
33715
44080
16308
41327
60365
